T5 = [ 0 0 0 0 0 0 0 0 0 0 0 0 0 0 0 0 0 0 0 0 ;
0 0.00467676 0.00796872 0.0104233 0.0122971 0.0137289 0.014802 0.015569 0.0160637 0.0163063 0.0163063 0.0160637 0.015569 0.014802 0.0137289 0.0122971 0.0104233 0.00796872 0.00467676 0 ;
0 0.00796872 0.0140058 0.0186588 0.0222679 0.0250488 0.0271425 0.0286432 0.0296126 0.0300884 0.0300884 0.0296126 0.0286432 0.0271425 0.0250488 0.0222679 0.0186588 0.0140058 0.00796872 0 ;
0 0.0104233 0.0186588 0.0251713 0.0303009 0.0342903 0.0373113 0.0394844 0.0408911 0.0415823 0.0415823 0.0408911 0.0394844 0.0373113 0.0342903 0.0303009 0.0251713 0.0186588 0.0104233 0 ;
0 0.0122971 0.0222679 0.0303009 0.0367096 0.0417369 0.0455658 0.0483303 0.050124 0.0510065 0.0510065 0.050124 0.0483303 0.0455658 0.0417369 0.0367096 0.0303009 0.0222679 0.0122971 0 ;
0 0.0137289 0.0250488 0.0342903 0.0417369 0.0476206 0.0521245 0.0553877 0.0575097 0.058555 0.058555 0.0575097 0.0553877 0.0521245 0.0476206 0.0417369 0.0342903 0.0250488 0.0137289 0 ;
0 0.014802 0.0271425 0.0373113 0.0455658 0.0521245 0.0571659 0.0608291 0.0632158 0.0643928 0.0643928 0.0632158 0.0608291 0.0571659 0.0521245 0.0455658 0.0373113 0.0271425 0.014802 0 ;
0 0.015569 0.0286432 0.0394844 0.0483303 0.0553877 0.0608291 0.0647917 0.0673774 0.0686536 0.0686536 0.0673774 0.0647917 0.0608291 0.0553877 0.0483303 0.0394844 0.0286432 0.015569 0 ;
0 0.0160637 0.0296126 0.0408911 0.050124 0.0575097 0.0632158 0.0673774 0.0700957 0.071438 0.071438 0.0700957 0.0673774 0.0632158 0.0575097 0.050124 0.0408911 0.0296126 0.0160637 0 ;
0 0.0163063 0.0300884 0.0415823 0.0510065 0.058555 0.0643928 0.0686536 0.071438 0.0728135 0.0728135 0.071438 0.0686536 0.0643928 0.058555 0.0510065 0.0415823 0.0300884 0.0163063 0 ;
0 0.0163063 0.0300884 0.0415823 0.0510065 0.058555 0.0643928 0.0686536 0.071438 0.0728135 0.0728135 0.071438 0.0686536 0.0643928 0.058555 0.0510065 0.0415823 0.0300884 0.0163063 0 ;
0 0.0160637 0.0296126 0.0408911 0.050124 0.0575097 0.0632158 0.0673774 0.0700957 0.071438 0.071438 0.0700957 0.0673774 0.0632158 0.0575097 0.050124 0.0408911 0.0296126 0.0160637 0 ;
0 0.015569 0.0286432 0.0394844 0.0483303 0.0553877 0.0608291 0.0647917 0.0673774 0.0686536 0.0686536 0.0673774 0.0647917 0.0608291 0.0553877 0.0483303 0.0394844 0.0286432 0.015569 0 ;
0 0.014802 0.0271425 0.0373113 0.0455658 0.0521245 0.0571659 0.0608291 0.0632158 0.0643928 0.0643928 0.0632158 0.0608291 0.0571659 0.0521245 0.0455658 0.0373113 0.0271425 0.014802 0 ;
0 0.0137289 0.0250488 0.0342903 0.0417369 0.0476206 0.0521245 0.0553877 0.0575097 0.058555 0.058555 0.0575097 0.0553877 0.0521245 0.0476206 0.0417369 0.0342903 0.0250488 0.0137289 0 ;
0 0.0122971 0.0222679 0.0303009 0.0367096 0.0417369 0.0455658 0.0483303 0.050124 0.0510065 0.0510065 0.050124 0.0483303 0.0455658 0.0417369 0.0367096 0.0303009 0.0222679 0.0122971 0 ;
0 0.0104233 0.0186588 0.0251713 0.0303009 0.0342903 0.0373113 0.0394844 0.0408911 0.0415823 0.0415823 0.0408911 0.0394844 0.0373113 0.0342903 0.0303009 0.0251713 0.0186588 0.0104233 0 ;
0 0.00796872 0.0140058 0.0186588 0.0222679 0.0250488 0.0271425 0.0286432 0.0296126 0.0300884 0.0300884 0.0296126 0.0286432 0.0271425 0.0250488 0.0222679 0.0186588 0.0140058 0.00796872 0 ;
0 0.00467676 0.00796872 0.0104233 0.0122971 0.0137289 0.014802 0.015569 0.0160637 0.0163063 0.0163063 0.0160637 0.015569 0.014802 0.0137289 0.0122971 0.0104233 0.00796872 0.00467676 0 ;
0 0 0 0 0 0 0 0 0 0 0 0 0 0 0 0 0 0 0 0 ];
