T1 = [ 0 0 0 0 0 0 0 0 0 0 0 0 0 0 0 0 0 0 0 0 ;
0 0.00381539 0.00629859 0.00802297 0.00925931 0.0101544 0.0107956 0.0112378 0.0115158 0.0116499 0.0116499 0.0115158 0.0112378 0.0107956 0.0101544 0.00925931 0.00802297 0.00629859 0.00381539 0 ;
0 0.00629859 0.0107604 0.0139862 0.0163463 0.0180738 0.0193191 0.0201812 0.0207242 0.0209866 0.0209866 0.0207242 0.0201812 0.0193191 0.0180738 0.0163463 0.0139862 0.0107604 0.00629859 0 ;
0 0.00802297 0.0139862 0.0184323 0.0217488 0.0242058 0.0259908 0.0272327 0.0280173 0.028397 0.028397 0.0280173 0.0272327 0.0259908 0.0242058 0.0217488 0.0184323 0.0139862 0.00802297 0 ;
0 0.00925931 0.0163463 0.0217488 0.025843 0.0289102 0.0311556 0.0327259 0.0337211 0.0342037 0.0342037 0.0337211 0.0327259 0.0311556 0.0289102 0.025843 0.0217488 0.0163463 0.00925931 0 ;
0 0.0101544 0.0180738 0.0242058 0.0289102 0.0324671 0.0350886 0.0369305 0.0381015 0.0386704 0.0386704 0.0381015 0.0369305 0.0350886 0.0324671 0.0289102 0.0242058 0.0180738 0.0101544 0 ;
0 0.0107956 0.0193191 0.0259908 0.0311556 0.0350886 0.0380031 0.040059 0.0413694 0.042007 0.042007 0.0413694 0.040059 0.0380031 0.0350886 0.0311556 0.0259908 0.0193191 0.0107956 0 ;
0 0.0112378 0.0201812 0.0272327 0.0327259 0.0369305 0.040059 0.0422723 0.0436862 0.0443748 0.0443748 0.0436862 0.0422723 0.040059 0.0369305 0.0327259 0.0272327 0.0201812 0.0112378 0 ;
0 0.0115158 0.0207242 0.0280173 0.0337211 0.0381015 0.0413694 0.0436862 0.045168 0.0458905 0.0458905 0.045168 0.0436862 0.0413694 0.0381015 0.0337211 0.0280173 0.0207242 0.0115158 0 ;
0 0.0116499 0.0209866 0.028397 0.0342037 0.0386704 0.042007 0.0443748 0.0458905 0.0466297 0.0466297 0.0458905 0.0443748 0.042007 0.0386704 0.0342037 0.028397 0.0209866 0.0116499 0 ;
0 0.0116499 0.0209866 0.028397 0.0342037 0.0386704 0.042007 0.0443748 0.0458905 0.0466297 0.0466297 0.0458905 0.0443748 0.042007 0.0386704 0.0342037 0.028397 0.0209866 0.0116499 0 ;
0 0.0115158 0.0207242 0.0280173 0.0337211 0.0381015 0.0413694 0.0436862 0.045168 0.0458905 0.0458905 0.045168 0.0436862 0.0413694 0.0381015 0.0337211 0.0280173 0.0207242 0.0115158 0 ;
0 0.0112378 0.0201812 0.0272327 0.0327259 0.0369305 0.040059 0.0422723 0.0436862 0.0443748 0.0443748 0.0436862 0.0422723 0.040059 0.0369305 0.0327259 0.0272327 0.0201812 0.0112378 0 ;
0 0.0107956 0.0193191 0.0259908 0.0311556 0.0350886 0.0380031 0.040059 0.0413694 0.042007 0.042007 0.0413694 0.040059 0.0380031 0.0350886 0.0311556 0.0259908 0.0193191 0.0107956 0 ;
0 0.0101544 0.0180738 0.0242058 0.0289102 0.0324671 0.0350886 0.0369305 0.0381015 0.0386704 0.0386704 0.0381015 0.0369305 0.0350886 0.0324671 0.0289102 0.0242058 0.0180738 0.0101544 0 ;
0 0.00925931 0.0163463 0.0217488 0.025843 0.0289102 0.0311556 0.0327259 0.0337211 0.0342037 0.0342037 0.0337211 0.0327259 0.0311556 0.0289102 0.025843 0.0217488 0.0163463 0.00925931 0 ;
0 0.00802297 0.0139862 0.0184323 0.0217488 0.0242058 0.0259908 0.0272327 0.0280173 0.028397 0.028397 0.0280173 0.0272327 0.0259908 0.0242058 0.0217488 0.0184323 0.0139862 0.00802297 0 ;
0 0.00629859 0.0107604 0.0139862 0.0163463 0.0180738 0.0193191 0.0201812 0.0207242 0.0209866 0.0209866 0.0207242 0.0201812 0.0193191 0.0180738 0.0163463 0.0139862 0.0107604 0.00629859 0 ;
0 0.00381539 0.00629859 0.00802297 0.00925931 0.0101544 0.0107956 0.0112378 0.0115158 0.0116499 0.0116499 0.0115158 0.0112378 0.0107956 0.0101544 0.00925931 0.00802297 0.00629859 0.00381539 0 ;
0 0 0 0 0 0 0 0 0 0 0 0 0 0 0 0 0 0 0 0 ];
