T2 = [ 0 0 0 0 0 0 0 0 0 0 0 0 0 0 0 0 0 0 0 0 ;
0 0.00442558 0.00747458 0.00970173 0.0113699 0.0126232 0.0135488 0.0142027 0.0146208 0.0148247 0.0148247 0.0146208 0.0142027 0.0135488 0.0126232 0.0113699 0.00970173 0.00747458 0.00442558 0 ;
0 0.00747458 0.0130335 0.0172389 0.0204431 0.0228723 0.0246755 0.0259533 0.0267716 0.0271711 0.0271711 0.0267716 0.0259533 0.0246755 0.0228723 0.0204431 0.0172389 0.0130335 0.00747458 0 ;
0 0.00970173 0.0172389 0.0230971 0.0276349 0.03111 0.0337062 0.035553 0.0367387 0.0373183 0.0373183 0.0367387 0.035553 0.0337062 0.03111 0.0276349 0.0230971 0.0172389 0.00970173 0 ;
0 0.0113699 0.0204431 0.0276349 0.0332824 0.0376479 0.0409298 0.0432742 0.0447833 0.0455221 0.0455221 0.0447833 0.0432742 0.0409298 0.0376479 0.0332824 0.0276349 0.0204431 0.0113699 0 ;
0 0.0126232 0.0228723 0.03111 0.0376479 0.0427411 0.0465917 0.0493529 0.0511347 0.0520082 0.0520082 0.0511347 0.0493529 0.0465917 0.0427411 0.0376479 0.03111 0.0228723 0.0126232 0 ;
0 0.0135488 0.0246755 0.0337062 0.0409298 0.0465917 0.0508915 0.0539848 0.0559853 0.0569672 0.0569672 0.0559853 0.0539848 0.0508915 0.0465917 0.0409298 0.0337062 0.0246755 0.0135488 0 ;
0 0.0142027 0.0259533 0.035553 0.0432742 0.0493529 0.0539848 0.0573253 0.0594893 0.0605524 0.0605524 0.0594893 0.0573253 0.0539848 0.0493529 0.0432742 0.035553 0.0259533 0.0142027 0 ;
0 0.0146208 0.0267716 0.0367387 0.0447833 0.0511347 0.0559853 0.0594893 0.0617617 0.0628789 0.0628789 0.0617617 0.0594893 0.0559853 0.0511347 0.0447833 0.0367387 0.0267716 0.0146208 0 ;
0 0.0148247 0.0271711 0.0373183 0.0455221 0.0520082 0.0569672 0.0605524 0.0628789 0.064023 0.064023 0.0628789 0.0605524 0.0569672 0.0520082 0.0455221 0.0373183 0.0271711 0.0148247 0 ;
0 0.0148247 0.0271711 0.0373183 0.0455221 0.0520082 0.0569672 0.0605524 0.0628789 0.064023 0.064023 0.0628789 0.0605524 0.0569672 0.0520082 0.0455221 0.0373183 0.0271711 0.0148247 0 ;
0 0.0146208 0.0267716 0.0367387 0.0447833 0.0511347 0.0559853 0.0594893 0.0617617 0.0628789 0.0628789 0.0617617 0.0594893 0.0559853 0.0511347 0.0447833 0.0367387 0.0267716 0.0146208 0 ;
0 0.0142027 0.0259533 0.035553 0.0432742 0.0493529 0.0539848 0.0573253 0.0594893 0.0605524 0.0605524 0.0594893 0.0573253 0.0539848 0.0493529 0.0432742 0.035553 0.0259533 0.0142027 0 ;
0 0.0135488 0.0246755 0.0337062 0.0409298 0.0465917 0.0508915 0.0539848 0.0559853 0.0569672 0.0569672 0.0559853 0.0539848 0.0508915 0.0465917 0.0409298 0.0337062 0.0246755 0.0135488 0 ;
0 0.0126232 0.0228723 0.03111 0.0376479 0.0427411 0.0465917 0.0493529 0.0511347 0.0520082 0.0520082 0.0511347 0.0493529 0.0465917 0.0427411 0.0376479 0.03111 0.0228723 0.0126232 0 ;
0 0.0113699 0.0204431 0.0276349 0.0332824 0.0376479 0.0409298 0.0432742 0.0447833 0.0455221 0.0455221 0.0447833 0.0432742 0.0409298 0.0376479 0.0332824 0.0276349 0.0204431 0.0113699 0 ;
0 0.00970173 0.0172389 0.0230971 0.0276349 0.03111 0.0337062 0.035553 0.0367387 0.0373183 0.0373183 0.0367387 0.035553 0.0337062 0.03111 0.0276349 0.0230971 0.0172389 0.00970173 0 ;
0 0.00747458 0.0130335 0.0172389 0.0204431 0.0228723 0.0246755 0.0259533 0.0267716 0.0271711 0.0271711 0.0267716 0.0259533 0.0246755 0.0228723 0.0204431 0.0172389 0.0130335 0.00747458 0 ;
0 0.00442558 0.00747458 0.00970173 0.0113699 0.0126232 0.0135488 0.0142027 0.0146208 0.0148247 0.0148247 0.0146208 0.0142027 0.0135488 0.0126232 0.0113699 0.00970173 0.00747458 0.00442558 0 ;
0 0 0 0 0 0 0 0 0 0 0 0 0 0 0 0 0 0 0 0 ];
