T4 = [ 0 0 0 0 0 0 0 0 0 0 0 0 0 0 0 0 0 0 0 0 ;
0 0.00465775 0.00793124 0.0103684 0.0122262 0.0136441 0.0147055 0.0154635 0.0159521 0.0161916 0.0161916 0.0159521 0.0154635 0.0147055 0.0136441 0.0122262 0.0103684 0.00793124 0.00465775 0 ;
0 0.00793124 0.0139319 0.0185505 0.0221282 0.0248815 0.0269522 0.0284351 0.0293924 0.029862 0.029862 0.0293924 0.0284351 0.0269522 0.0248815 0.0221282 0.0185505 0.0139319 0.00793124 0 ;
0 0.0103684 0.0185505 0.0250126 0.0300961 0.0340451 0.0370325 0.0391794 0.0405684 0.0412505 0.0412505 0.0405684 0.0391794 0.0370325 0.0340451 0.0300961 0.0250126 0.0185505 0.0103684 0 ;
0 0.0122262 0.0221282 0.0300961 0.0364455 0.0414206 0.045206 0.0479368 0.0497077 0.0505785 0.0505785 0.0497077 0.0479368 0.045206 0.0414206 0.0364455 0.0300961 0.0221282 0.0122262 0 ;
0 0.0136441 0.0248815 0.0340451 0.0414206 0.0472419 0.0516938 0.0549166 0.0570111 0.0580425 0.0580425 0.0570111 0.0549166 0.0516938 0.0472419 0.0414206 0.0340451 0.0248815 0.0136441 0 ;
0 0.0147055 0.0269522 0.0370325 0.045206 0.0516938 0.0566759 0.0602933 0.0626487 0.0638098 0.0638098 0.0626487 0.0602933 0.0566759 0.0516938 0.045206 0.0370325 0.0269522 0.0147055 0 ;
0 0.0154635 0.0284351 0.0391794 0.0479368 0.0549166 0.0602933 0.0642057 0.0667573 0.0680161 0.0680161 0.0667573 0.0642057 0.0602933 0.0549166 0.0479368 0.0391794 0.0284351 0.0154635 0 ;
0 0.0159521 0.0293924 0.0405684 0.0497077 0.0570111 0.0626487 0.0667573 0.0694394 0.0707634 0.0707634 0.0694394 0.0667573 0.0626487 0.0570111 0.0497077 0.0405684 0.0293924 0.0159521 0 ;
0 0.0161916 0.029862 0.0412505 0.0505785 0.0580425 0.0638098 0.0680161 0.0707634 0.07212 0.07212 0.0707634 0.0680161 0.0638098 0.0580425 0.0505785 0.0412505 0.029862 0.0161916 0 ;
0 0.0161916 0.029862 0.0412505 0.0505785 0.0580425 0.0638098 0.0680161 0.0707634 0.07212 0.07212 0.0707634 0.0680161 0.0638098 0.0580425 0.0505785 0.0412505 0.029862 0.0161916 0 ;
0 0.0159521 0.0293924 0.0405684 0.0497077 0.0570111 0.0626487 0.0667573 0.0694394 0.0707634 0.0707634 0.0694394 0.0667573 0.0626487 0.0570111 0.0497077 0.0405684 0.0293924 0.0159521 0 ;
0 0.0154635 0.0284351 0.0391794 0.0479368 0.0549166 0.0602933 0.0642057 0.0667573 0.0680161 0.0680161 0.0667573 0.0642057 0.0602933 0.0549166 0.0479368 0.0391794 0.0284351 0.0154635 0 ;
0 0.0147055 0.0269522 0.0370325 0.045206 0.0516938 0.0566759 0.0602933 0.0626487 0.0638098 0.0638098 0.0626487 0.0602933 0.0566759 0.0516938 0.045206 0.0370325 0.0269522 0.0147055 0 ;
0 0.0136441 0.0248815 0.0340451 0.0414206 0.0472419 0.0516938 0.0549166 0.0570111 0.0580425 0.0580425 0.0570111 0.0549166 0.0516938 0.0472419 0.0414206 0.0340451 0.0248815 0.0136441 0 ;
0 0.0122262 0.0221282 0.0300961 0.0364455 0.0414206 0.045206 0.0479368 0.0497077 0.0505785 0.0505785 0.0497077 0.0479368 0.045206 0.0414206 0.0364455 0.0300961 0.0221282 0.0122262 0 ;
0 0.0103684 0.0185505 0.0250126 0.0300961 0.0340451 0.0370325 0.0391794 0.0405684 0.0412505 0.0412505 0.0405684 0.0391794 0.0370325 0.0340451 0.0300961 0.0250126 0.0185505 0.0103684 0 ;
0 0.00793124 0.0139319 0.0185505 0.0221282 0.0248815 0.0269522 0.0284351 0.0293924 0.029862 0.029862 0.0293924 0.0284351 0.0269522 0.0248815 0.0221282 0.0185505 0.0139319 0.00793124 0 ;
0 0.00465775 0.00793124 0.0103684 0.0122262 0.0136441 0.0147055 0.0154635 0.0159521 0.0161916 0.0161916 0.0159521 0.0154635 0.0147055 0.0136441 0.0122262 0.0103684 0.00793124 0.00465775 0 ;
0 0 0 0 0 0 0 0 0 0 0 0 0 0 0 0 0 0 0 0 ];
