T3 = [ 0 0 0 0 0 0 0 0 0 0 0 0 0 0 0 0 0 0 0 0 ;
0 0.00460082 0.00781903 0.0102041 0.0120145 0.0133908 0.0144177 0.0151491 0.0156195 0.0158498 0.0158498 0.0156195 0.0151491 0.0144177 0.0133908 0.0120145 0.0102041 0.00781903 0.00460082 0 ;
0 0.00781903 0.0137107 0.0182267 0.0217108 0.0243822 0.0263849 0.0278152 0.0287367 0.0291882 0.0291882 0.0287367 0.0278152 0.0263849 0.0243822 0.0217108 0.0182267 0.0137107 0.00781903 0 ;
0 0.0102041 0.0182267 0.0245384 0.029485 0.0333141 0.0362017 0.0382717 0.0396083 0.0402639 0.0402639 0.0396083 0.0382717 0.0362017 0.0333141 0.029485 0.0245384 0.0182267 0.0102041 0 ;
0 0.0120145 0.0217108 0.029485 0.0356578 0.0404784 0.0441353 0.0467668 0.0484701 0.0493068 0.0493068 0.0484701 0.0467668 0.0441353 0.0404784 0.0356578 0.029485 0.0217108 0.0120145 0 ;
0 0.0133908 0.0243822 0.0333141 0.0404784 0.0461148 0.0504129 0.0535169 0.0555307 0.0565211 0.0565211 0.0555307 0.0535169 0.0504129 0.0461148 0.0404784 0.0333141 0.0243822 0.0133908 0 ;
0 0.0144177 0.0263849 0.0362017 0.0441353 0.0504129 0.0552203 0.0587026 0.0609662 0.0620808 0.0620808 0.0609662 0.0587026 0.0552203 0.0504129 0.0441353 0.0362017 0.0263849 0.0144177 0 ;
0 0.0151491 0.0278152 0.0382717 0.0467668 0.0535169 0.0587026 0.0624675 0.0649186 0.0661266 0.0661266 0.0649186 0.0624675 0.0587026 0.0535169 0.0467668 0.0382717 0.0278152 0.0151491 0 ;
0 0.0156195 0.0287367 0.0396083 0.0484701 0.0555307 0.0609662 0.0649186 0.0674945 0.0687647 0.0687647 0.0674945 0.0649186 0.0609662 0.0555307 0.0484701 0.0396083 0.0287367 0.0156195 0 ;
0 0.0158498 0.0291882 0.0402639 0.0493068 0.0565211 0.0620808 0.0661266 0.0687647 0.0700661 0.0700661 0.0687647 0.0661266 0.0620808 0.0565211 0.0493068 0.0402639 0.0291882 0.0158498 0 ;
0 0.0158498 0.0291882 0.0402639 0.0493068 0.0565211 0.0620808 0.0661266 0.0687647 0.0700661 0.0700661 0.0687647 0.0661266 0.0620808 0.0565211 0.0493068 0.0402639 0.0291882 0.0158498 0 ;
0 0.0156195 0.0287367 0.0396083 0.0484701 0.0555307 0.0609662 0.0649186 0.0674945 0.0687647 0.0687647 0.0674945 0.0649186 0.0609662 0.0555307 0.0484701 0.0396083 0.0287367 0.0156195 0 ;
0 0.0151491 0.0278152 0.0382717 0.0467668 0.0535169 0.0587026 0.0624675 0.0649186 0.0661266 0.0661266 0.0649186 0.0624675 0.0587026 0.0535169 0.0467668 0.0382717 0.0278152 0.0151491 0 ;
0 0.0144177 0.0263849 0.0362017 0.0441353 0.0504129 0.0552203 0.0587026 0.0609662 0.0620808 0.0620808 0.0609662 0.0587026 0.0552203 0.0504129 0.0441353 0.0362017 0.0263849 0.0144177 0 ;
0 0.0133908 0.0243822 0.0333141 0.0404784 0.0461148 0.0504129 0.0535169 0.0555307 0.0565211 0.0565211 0.0555307 0.0535169 0.0504129 0.0461148 0.0404784 0.0333141 0.0243822 0.0133908 0 ;
0 0.0120145 0.0217108 0.029485 0.0356578 0.0404784 0.0441353 0.0467668 0.0484701 0.0493068 0.0493068 0.0484701 0.0467668 0.0441353 0.0404784 0.0356578 0.029485 0.0217108 0.0120145 0 ;
0 0.0102041 0.0182267 0.0245384 0.029485 0.0333141 0.0362017 0.0382717 0.0396083 0.0402639 0.0402639 0.0396083 0.0382717 0.0362017 0.0333141 0.029485 0.0245384 0.0182267 0.0102041 0 ;
0 0.00781903 0.0137107 0.0182267 0.0217108 0.0243822 0.0263849 0.0278152 0.0287367 0.0291882 0.0291882 0.0287367 0.0278152 0.0263849 0.0243822 0.0217108 0.0182267 0.0137107 0.00781903 0 ;
0 0.00460082 0.00781903 0.0102041 0.0120145 0.0133908 0.0144177 0.0151491 0.0156195 0.0158498 0.0158498 0.0156195 0.0151491 0.0144177 0.0133908 0.0120145 0.0102041 0.00781903 0.00460082 0 ;
0 0 0 0 0 0 0 0 0 0 0 0 0 0 0 0 0 0 0 0 ];
