T6 = [ 0 0 0 0 0 0 0 0 0 0 0 0 0 0 0 0 0 0 0 0 ;
0 0.00468313 0.00798132 0.0104418 0.0123209 0.0137574 0.0148344 0.0156045 0.0161013 0.016345 0.016345 0.0161013 0.0156045 0.0148344 0.0137574 0.0123209 0.0104418 0.00798132 0.00468313 0 ;
0 0.00798132 0.0140306 0.0186953 0.0223149 0.0251051 0.0272066 0.0287132 0.0296867 0.0301645 0.0301645 0.0296867 0.0287132 0.0272066 0.0251051 0.0223149 0.0186953 0.0140306 0.00798132 0 ;
0 0.0104418 0.0186953 0.0252247 0.0303698 0.0343728 0.0374052 0.039587 0.0409998 0.041694 0.041694 0.0409998 0.039587 0.0374052 0.0343728 0.0303698 0.0252247 0.0186953 0.0104418 0 ;
0 0.0123209 0.0223149 0.0303698 0.0367984 0.0418433 0.0456869 0.0484627 0.0502642 0.0511506 0.0511506 0.0502642 0.0484627 0.0456869 0.0418433 0.0367984 0.0303698 0.0223149 0.0123209 0 ;
0 0.0137574 0.0251051 0.0343728 0.0418433 0.0477481 0.0522696 0.0555463 0.0576776 0.0587275 0.0587275 0.0576776 0.0555463 0.0522696 0.0477481 0.0418433 0.0343728 0.0251051 0.0137574 0 ;
0 0.0148344 0.0272066 0.0374052 0.0456869 0.0522696 0.0573309 0.0610096 0.0634068 0.0645891 0.0645891 0.0634068 0.0610096 0.0573309 0.0522696 0.0456869 0.0374052 0.0272066 0.0148344 0 ;
0 0.0156045 0.0287132 0.039587 0.0484627 0.0555463 0.0610096 0.0649891 0.0675863 0.0688683 0.0688683 0.0675863 0.0649891 0.0610096 0.0555463 0.0484627 0.039587 0.0287132 0.0156045 0 ;
0 0.0161013 0.0296867 0.0409998 0.0502642 0.0576776 0.0634068 0.0675863 0.0703169 0.0716654 0.0716654 0.0703169 0.0675863 0.0634068 0.0576776 0.0502642 0.0409998 0.0296867 0.0161013 0 ;
0 0.016345 0.0301645 0.041694 0.0511506 0.0587275 0.0645891 0.0688683 0.0716654 0.0730472 0.0730472 0.0716654 0.0688683 0.0645891 0.0587275 0.0511506 0.041694 0.0301645 0.016345 0 ;
0 0.016345 0.0301645 0.041694 0.0511506 0.0587275 0.0645891 0.0688683 0.0716654 0.0730472 0.0730472 0.0716654 0.0688683 0.0645891 0.0587275 0.0511506 0.041694 0.0301645 0.016345 0 ;
0 0.0161013 0.0296867 0.0409998 0.0502642 0.0576776 0.0634068 0.0675863 0.0703169 0.0716654 0.0716654 0.0703169 0.0675863 0.0634068 0.0576776 0.0502642 0.0409998 0.0296867 0.0161013 0 ;
0 0.0156045 0.0287132 0.039587 0.0484627 0.0555463 0.0610096 0.0649891 0.0675863 0.0688683 0.0688683 0.0675863 0.0649891 0.0610096 0.0555463 0.0484627 0.039587 0.0287132 0.0156045 0 ;
0 0.0148344 0.0272066 0.0374052 0.0456869 0.0522696 0.0573309 0.0610096 0.0634068 0.0645891 0.0645891 0.0634068 0.0610096 0.0573309 0.0522696 0.0456869 0.0374052 0.0272066 0.0148344 0 ;
0 0.0137574 0.0251051 0.0343728 0.0418433 0.0477481 0.0522696 0.0555463 0.0576776 0.0587275 0.0587275 0.0576776 0.0555463 0.0522696 0.0477481 0.0418433 0.0343728 0.0251051 0.0137574 0 ;
0 0.0123209 0.0223149 0.0303698 0.0367984 0.0418433 0.0456869 0.0484627 0.0502642 0.0511506 0.0511506 0.0502642 0.0484627 0.0456869 0.0418433 0.0367984 0.0303698 0.0223149 0.0123209 0 ;
0 0.0104418 0.0186953 0.0252247 0.0303698 0.0343728 0.0374052 0.039587 0.0409998 0.041694 0.041694 0.0409998 0.039587 0.0374052 0.0343728 0.0303698 0.0252247 0.0186953 0.0104418 0 ;
0 0.00798132 0.0140306 0.0186953 0.0223149 0.0251051 0.0272066 0.0287132 0.0296867 0.0301645 0.0301645 0.0296867 0.0287132 0.0272066 0.0251051 0.0223149 0.0186953 0.0140306 0.00798132 0 ;
0 0.00468313 0.00798132 0.0104418 0.0123209 0.0137574 0.0148344 0.0156045 0.0161013 0.016345 0.016345 0.0161013 0.0156045 0.0148344 0.0137574 0.0123209 0.0104418 0.00798132 0.00468313 0 ;
0 0 0 0 0 0 0 0 0 0 0 0 0 0 0 0 0 0 0 0 ];
